00000001
00001001
10000000
00100000
00010010
00000000
01111011
00100000
00010011
00000000
00010000
10101110
01010001
00000000
00000000
10001110
01110000
00000000
00001000
10001110
00110100
00000000
00000000
00000000
00000000
00000000
01111011
00100010
00100000
00010001
00000000
00011000
00100000
00010001
00000000
00011000
00100000
00010001
00000000
00011000
00100000
00010001
00000000
00011000
00100000
00010001
00000000
00011000
00100000
00010001
00000000
00011000
00100000
00010001
00000000
00011000
00100000
00010001
00000000
00011000
00100000
00010001
00000000
00011000
00100000
00010001
00000000
00011000
00100000
00010001
00000000
00011000
00100000
00010001
00000000
00011000
00100000
00010001
00000000
00011000
00100000
00010001
00000000
00011000
00100000
00010001
00000000
00011000
00100000
00010001
00000000
00011000
00100000
00010001
00000000
00011000
00100000
00010001
00000000
00011000
00100000
00010001
00000000
00011000
00100000
00010001
00000000
00011000
00100000
00010001
00000000
00011000
00100000
00010001
00000000
00011000
